{
    "sfm_data_version": "0.2",
    "root_path": "/home/andrea/Scrivania/Datasets/Middelbury/dinoRing",
    "views": [
        {
            "key": 0,
            "value": {
                "ptr_wrapper": {
                    "data": {
                        "local_path": "/",
                        "filename": "TODO",
                        "width": 640,
                        "height": 480,
                        "id_view": 0,
                        "id_intrinsic": 0,
                        "id_pose": 0
                    }
                }
            }
        },
        {
            "key": 1,
            "value": {
                "ptr_wrapper": {
                    "data": {
                        "local_path": "/",
                        "filename": "TODO",
                        "width": 640,
                        "height": 480,
                        "id_view": 1,
                        "id_intrinsic": 0,
                        "id_pose": 1
                    }
                }
            }
        },
        {
            "key": 2,
            "value": {
                "ptr_wrapper": {
                    "data": {
                        "local_path": "/",
                        "filename": "TODO",
                        "width": 640,
                        "height": 480,
                        "id_view": 2,
                        "id_intrinsic": 0,
                        "id_pose": 2
                    }
                }
            }
        },
        {
            "key": 3,
            "value": {
                "ptr_wrapper": {
                    "data": {
                        "local_path": "/",
                        "filename": "TODO",
                        "width": 640,
                        "height": 480,
                        "id_view": 3,
                        "id_intrinsic": 0,
                        "id_pose": 3
                    }
                }
            }
        },
        {
            "key": 4,
            "value": {
                "ptr_wrapper": {
                    "data": {
                        "local_path": "/",
                        "filename": "TODO",
                        "width": 640,
                        "height": 480,
                        "id_view": 4,
                        "id_intrinsic": 0,
                        "id_pose": 4
                    }
                }
            }
        },
        {
            "key": 5,
            "value": {
                "ptr_wrapper": {
                    "data": {
                        "local_path": "/",
                        "filename": "TODO",
                        "width": 640,
                        "height": 480,
                        "id_view": 5,
                        "id_intrinsic": 0,
                        "id_pose": 5
                    }
                }
            }
        },
        {
            "key": 6,
            "value": {
                "ptr_wrapper": {
                    "data": {
                        "local_path": "/",
                        "filename": "TODO",
                        "width": 640,
                        "height": 480,
                        "id_view": 6,
                        "id_intrinsic": 0,
                        "id_pose": 6
                    }
                }
            }
        },
        {
            "key": 7,
            "value": {
                "ptr_wrapper": {
                    "data": {
                        "local_path": "/",
                        "filename": "TODO",
                        "width": 640,
                        "height": 480,
                        "id_view": 7,
                        "id_intrinsic": 0,
                        "id_pose": 7
                    }
                }
            }
        },
        {
            "key": 8,
            "value": {
                "ptr_wrapper": {
                    "data": {
                        "local_path": "/",
                        "filename": "TODO",
                        "width": 640,
                        "height": 480,
                        "id_view": 8,
                        "id_intrinsic": 0,
                        "id_pose": 8
                    }
                }
            }
        },
        {
            "key": 9,
            "value": {
                "ptr_wrapper": {
                    "data": {
                        "local_path": "/",
                        "filename": "TODO",
                        "width": 640,
                        "height": 480,
                        "id_view": 9,
                        "id_intrinsic": 0,
                        "id_pose": 9
                    }
                }
            }
        },
        {
            "key": 10,
            "value": {
                "ptr_wrapper": {
                    "data": {
                        "local_path": "/",
                        "filename": "TODO",
                        "width": 640,
                        "height": 480,
                        "id_view": 10,
                        "id_intrinsic": 0,
                        "id_pose": 10
                    }
                }
            }
        },
        {
            "key": 11,
            "value": {
                "ptr_wrapper": {
                    "data": {
                        "local_path": "/",
                        "filename": "TODO",
                        "width": 640,
                        "height": 480,
                        "id_view": 11,
                        "id_intrinsic": 0,
                        "id_pose": 11
                    }
                }
            }
        },
        {
            "key": 12,
            "value": {
                "ptr_wrapper": {
                    "data": {
                        "local_path": "/",
                        "filename": "TODO",
                        "width": 640,
                        "height": 480,
                        "id_view": 12,
                        "id_intrinsic": 0,
                        "id_pose": 12
                    }
                }
            }
        },
        {
            "key": 13,
            "value": {
                "ptr_wrapper": {
                    "data": {
                        "local_path": "/",
                        "filename": "TODO",
                        "width": 640,
                        "height": 480,
                        "id_view": 13,
                        "id_intrinsic": 0,
                        "id_pose": 13
                    }
                }
            }
        },
        {
            "key": 14,
            "value": {
                "ptr_wrapper": {
                    "data": {
                        "local_path": "/",
                        "filename": "TODO",
                        "width": 640,
                        "height": 480,
                        "id_view": 14,
                        "id_intrinsic": 0,
                        "id_pose": 14
                    }
                }
            }
        },
        {
            "key": 15,
            "value": {
                "ptr_wrapper": {
                    "data": {
                        "local_path": "/",
                        "filename": "TODO",
                        "width": 640,
                        "height": 480,
                        "id_view": 15,
                        "id_intrinsic": 0,
                        "id_pose": 15
                    }
                }
            }
        },
        {
            "key": 16,
            "value": {
                "ptr_wrapper": {
                    "data": {
                        "local_path": "/",
                        "filename": "TODO",
                        "width": 640,
                        "height": 480,
                        "id_view": 16,
                        "id_intrinsic": 0,
                        "id_pose": 16
                    }
                }
            }
        },
        {
            "key": 17,
            "value": {
                "ptr_wrapper": {
                    "data": {
                        "local_path": "/",
                        "filename": "TODO",
                        "width": 640,
                        "height": 480,
                        "id_view": 17,
                        "id_intrinsic": 0,
                        "id_pose": 17
                    }
                }
            }
        }
    ],
    "intrinsics": [
        {
            "key": 0,
            "value": {
                "polymorphic_id": 0,
                "polymorphic_name": "pinhole",
                "ptr_wrapper": {
                    "data": {
                        "width": 640,
                        "height": 480,
                        "focal_length": 0.0,
                        "principal_point": [
                            1.0,
                            2.0
                        ]
                    }
                }
            }
        }
    ],
    "extrinsics": [
        {
            "key": 0,
            "value": {
                "rotation": [
                    [
                        1.0,
                        0.0,
                        0.0
                    ],
                    [
                        0.0,
                        1.0,
                        0.0
                    ],
                    [
                        0.0,
                        0.0,
                        1.0
                    ]
                ],
                "center": [
                    0.0,
                    0.0,
                    0.0
                ]
            }
        },
        {
            "key": 1,
            "value": {
                "rotation": [
                    [
                        0.9999906420707703,
                        -0.0025886904913932087,
                        -0.0034734816290438177
                    ],
                    [
                        0.002580970525741577,
                        0.9999942183494568,
                        -0.0022251948248595
                    ],
                    [
                        0.0034792216029018165,
                        0.0022162089589983227,
                        0.9999914765357971
                    ]
                ],
                "center": [
                    4.1670864447951319e-7,
                    -0.00021222425857558846,
                    0.040625426918268207
                ]
            }
        },
        {
            "key": 2,
            "value": {
                "rotation": [
                    [
                        0.999972939491272,
                        -0.0013469040859490634,
                        -0.007232926320284605
                    ],
                    [
                        0.0013218019157648087,
                        0.999993085861206,
                        -0.003474204568192363
                    ],
                    [
                        0.007237555924803019,
                        0.0034645500127226116,
                        0.9999678134918213
                    ]
                ],
                "center": [
                    -0.0008386140689253807,
                    -0.0007263644365593791,
                    0.08204606175422669
                ]
            }
        },
        {
            "key": 3,
            "value": {
                "rotation": [
                    [
                        0.9998731017112732,
                        0.00012366741430014372,
                        -0.015931611880660058
                    ],
                    [
                        -0.0002182074822485447,
                        0.9999823570251465,
                        -0.005932516418397427
                    ],
                    [
                        0.015930598601698877,
                        0.005935239605605602,
                        0.9998554587364197
                    ]
                ],
                "center": [
                    -0.0028417508583515884,
                    -0.0009569906396791339,
                    0.16753068566322328
                ]
            }
        },
        {
            "key": 4,
            "value": {
                "rotation": [
                    [
                        0.9996949434280396,
                        0.0007783611072227359,
                        -0.024685371667146684
                    ],
                    [
                        -0.000954543414991349,
                        0.9999741315841675,
                        -0.0071261352859437469
                    ],
                    [
                        0.024679185822606088,
                        0.00714752497151494,
                        0.9996698498725891
                    ]
                ],
                "center": [
                    -0.005522998049855232,
                    -0.002170023275539279,
                    0.2568070888519287
                ]
            }
        },
        {
            "key": 5,
            "value": {
                "rotation": [
                    [
                        0.9992672204971314,
                        0.0029178818222135307,
                        -0.03816469386219978
                    ],
                    [
                        -0.003063805401325226,
                        0.9999881982803345,
                        -0.00376559654250741
                    ],
                    [
                        0.038153257220983508,
                        0.0038797662127763035,
                        0.9992643594741821
                    ]
                ],
                "center": [
                    -0.011528892442584038,
                    -0.0031049754470586778,
                    0.3968808054924011
                ]
            }
        },
        {
            "key": 6,
            "value": {
                "rotation": [
                    [
                        0.9990202784538269,
                        0.0042916410602629189,
                        -0.044046636670827869
                    ],
                    [
                        -0.004392946604639292,
                        0.9999879002571106,
                        -0.0022034274879842998
                    ],
                    [
                        0.04403664916753769,
                        0.0023947632871568205,
                        0.9990270733833313
                    ]
                ],
                "center": [
                    -0.016217216849327089,
                    -0.003792010247707367,
                    0.4931758940219879
                ]
            }
        },
        {
            "key": 7,
            "value": {
                "rotation": [
                    [
                        0.9986889362335205,
                        -0.0016405079513788224,
                        -0.05116337537765503
                    ],
                    [
                        0.0015050984220579267,
                        0.9999952912330627,
                        -0.002685026964172721
                    ],
                    [
                        0.05116753652691841,
                        0.0026045008562505247,
                        0.998686671257019
                    ]
                ],
                "center": [
                    -0.026635538786649705,
                    -0.0053048161789774899,
                    0.6911725997924805
                ]
            }
        },
        {
            "key": 8,
            "value": {
                "rotation": [
                    [
                        0.998393177986145,
                        0.006136650685220957,
                        -0.05633276328444481
                    ],
                    [
                        -0.006614437326788902,
                        0.9999436736106873,
                        -0.00829897541552782
                    ],
                    [
                        0.056278664618730548,
                        0.008658249862492085,
                        0.9983775615692139
                    ]
                ],
                "center": [
                    -0.04017036780714989,
                    -0.008573470637202263,
                    0.8962849974632263
                ]
            }
        },
        {
            "key": 9,
            "value": {
                "rotation": [
                    [
                        0.9980596899986267,
                        0.004336838610470295,
                        -0.062113068997859958
                    ],
                    [
                        -0.004711830522865057,
                        0.9999715685844421,
                        -0.0058920425362885
                    ],
                    [
                        0.062085747718811038,
                        0.006173276342451572,
                        0.9980517029762268
                    ]
                ],
                "center": [
                    -0.05278562754392624,
                    -0.01171996258199215,
                    1.1082658767700196
                ]
            }
        },
        {
            "key": 10,
            "value": {
                "rotation": [
                    [
                        0.9979450106620789,
                        0.004835831467062235,
                        -0.06389298290014267
                    ],
                    [
                        -0.004949900787323713,
                        0.9999864101409912,
                        -0.0016271475469693542
                    ],
                    [
                        0.06388425081968308,
                        0.001940067857503891,
                        0.9979554414749146
                    ]
                ],
                "center": [
                    -0.06312553584575653,
                    -0.01412113942205906,
                    1.2713196277618409
                ]
            }
        },
        {
            "key": 11,
            "value": {
                "rotation": [
                    [
                        0.9982776045799255,
                        0.003938326612114906,
                        -0.05853470787405968
                    ],
                    [
                        -0.0037397195119410755,
                        0.9999868869781494,
                        0.0035021367948502304
                    ],
                    [
                        0.0585477314889431,
                        -0.0032772014383226635,
                        0.9982792139053345
                    ]
                ],
                "center": [
                    -0.07701276987791062,
                    -0.016367174685001375,
                    1.491148591041565
                ]
            }
        },
        {
            "key": 12,
            "value": {
                "rotation": [
                    [
                        0.9984333515167236,
                        0.0033390973694622518,
                        -0.055854734033346179
                    ],
                    [
                        -0.0035600343253463508,
                        0.9999862313270569,
                        -0.00385652924887836
                    ],
                    [
                        0.05584108456969261,
                        0.0040493318811059,
                        0.9984314441680908
                    ]
                ],
                "center": [
                    -0.08632190525531769,
                    -0.017544956877827646,
                    1.6591558456420899
                ]
            }
        },
        {
            "key": 13,
            "value": {
                "rotation": [
                    [
                        0.9982678890228272,
                        -0.008630499243736267,
                        -0.05819551274180412
                    ],
                    [
                        0.008840963244438172,
                        0.9999552965164185,
                        0.0033600041642785074
                    ],
                    [
                        0.05816391110420227,
                        -0.003868688829243183,
                        0.9982995390892029
                    ]
                ],
                "center": [
                    -0.09454750269651413,
                    -0.01890891045331955,
                    1.8292123079299927
                ]
            }
        },
        {
            "key": 14,
            "value": {
                "rotation": [
                    [
                        0.9979690909385681,
                        -0.009224815294146538,
                        -0.06302815675735474
                    ],
                    [
                        0.008908003568649292,
                        0.9999462366104126,
                        -0.00530568091198802
                    ],
                    [
                        0.06307370960712433,
                        0.004733450710773468,
                        0.9979976415634155
                    ]
                ],
                "center": [
                    -0.10536433756351471,
                    -0.020537253469228746,
                    2.001948595046997
                ]
            }
        },
        {
            "key": 15,
            "value": {
                "rotation": [
                    [
                        0.9977747797966003,
                        -0.005657800938934088,
                        -0.06643414497375488
                    ],
                    [
                        0.005644355900585651,
                        0.9999839663505554,
                        -0.00039007666055113077
                    ],
                    [
                        0.06643528491258621,
                        0.000014230717169994023,
                        0.9977907538414002
                    ]
                ],
                "center": [
                    -0.11686135828495026,
                    -0.022640492767095567,
                    2.177699327468872
                ]
            }
        },
        {
            "key": 16,
            "value": {
                "rotation": [
                    [
                        0.9977460503578186,
                        0.0023945504799485208,
                        -0.06706010550260544
                    ],
                    [
                        -0.001903244759887457,
                        0.9999709129333496,
                        0.0073892781510949139
                    ],
                    [
                        0.06707584857940674,
                        -0.0072449916042387489,
                        0.9977215528488159
                    ]
                ],
                "center": [
                    -0.13027027249336244,
                    -0.02445877343416214,
                    2.3527164459228517
                ]
            }
        },
        {
            "key": 17,
            "value": {
                "rotation": [
                    [
                        0.997712254524231,
                        0.005099802743643522,
                        -0.06741117686033249
                    ],
                    [
                        -0.004897102247923613,
                        0.9999829530715942,
                        0.0031718346290290357
                    ],
                    [
                        0.06742620468139649,
                        -0.0028344588354229929,
                        0.9977202415466309
                    ]
                ],
                "center": [
                    -0.14238688349723817,
                    -0.02616668865084648,
                    2.5269229412078859
                ]
            }
        }
    ],
    "structure": [
        {
            "key": 1,
            "num_obs": 3,
            "value": {
                "X": [
                    -0.684812605381012,
                    -0.684812605381012,
                    -0.684812605381012
                ],
                "observations": [
                    {
                        "key": 0,
                        "value": {
                            "x": [
                                1.0,
                                2.0
                            ]
                        }
                    },
                    {
                        "key": 1,
                        "value": {
                            "x": [
                                1.0,
                                2.0
                            ]
                        }
                    },
                    {
                        "key": 2,
                        "value": {
                            "x": [
                                1.0,
                                2.0
                            ]
                        }
                    }
                ]
            }
        },
        {
            "key": 2,
            "num_obs": 3,
            "value": {
                "X": [
                    0.2350068837404251,
                    0.2350068837404251,
                    0.2350068837404251
                ],
                "observations": [
                    {
                        "key": 0,
                        "value": {
                            "x": [
                                1.0,
                                2.0
                            ]
                        }
                    },
                    {
                        "key": 1,
                        "value": {
                            "x": [
                                1.0,
                                2.0
                            ]
                        }
                    },
                    {
                        "key": 3,
                        "value": {
                            "x": [
                                1.0,
                                2.0
                            ]
                        }
                    }
                ]
            }
        },
        {
            "key": 3,
            "num_obs": 6,
            "value": {
                "X": [
                    0.21512345969676972,
                    0.21512345969676972,
                    0.21512345969676972
                ],
                "observations": [
                    {
                        "key": 0,
                        "value": {
                            "x": [
                                1.0,
                                2.0
                            ]
                        }
                    },
                    {
                        "key": 1,
                        "value": {
                            "x": [
                                1.0,
                                2.0
                            ]
                        }
                    },
                    {
                        "key": 3,
                        "value": {
                            "x": [
                                1.0,
                                2.0
                            ]
                        }
                    },
                    {
                        "key": 5,
                        "value": {
                            "x": [
                                1.0,
                                2.0
                            ]
                        }
                    },
                    {
                        "key": 2,
                        "value": {
                            "x": [
                                1.0,
                                2.0
                            ]
                        }
                    },
                    {
                        "key": 4,
                        "value": {
                            "x": [
                                1.0,
                                2.0
                            ]
                        }
                    }
                ]
            }
        },
        {
            "key": 4,
            "num_obs": 4,
            "value": {
                "X": [
                    0.24603450298309327,
                    0.24603450298309327,
                    0.24603450298309327
                ],
                "observations": [
                    {
                        "key": 0,
                        "value": {
                            "x": [
                                1.0,
                                2.0
                            ]
                        }
                    },
                    {
                        "key": 1,
                        "value": {
                            "x": [
                                1.0,
                                2.0
                            ]
                        }
                    },
                    {
                        "key": 2,
                        "value": {
                            "x": [
                                1.0,
                                2.0
                            ]
                        }
                    },
                    {
                        "key": 4,
                        "value": {
                            "x": [
                                1.0,
                                2.0
                            ]
                        }
                    }
                ]
            }
        },
        {
            "key": 7,
            "num_obs": 7,
            "value": {
                "X": [
                    -0.4138907492160797,
                    -0.4138907492160797,
                    -0.4138907492160797
                ],
                "observations": [
                    {
                        "key": 0,
                        "value": {
                            "x": [
                                1.0,
                                2.0
                            ]
                        }
                    },
                    {
                        "key": 1,
                        "value": {
                            "x": [
                                1.0,
                                2.0
                            ]
                        }
                    },
                    {
                        "key": 3,
                        "value": {
                            "x": [
                                1.0,
                                2.0
                            ]
                        }
                    },
                    {
                        "key": 5,
                        "value": {
                            "x": [
                                1.0,
                                2.0
                            ]
                        }
                    },
                    {
                        "key": 2,
                        "value": {
                            "x": [
                                1.0,
                                2.0
                            ]
                        }
                    },
                    {
                        "key": 6,
                        "value": {
                            "x": [
                                1.0,
                                2.0
                            ]
                        }
                    },
                    {
                        "key": 4,
                        "value": {
                            "x": [
                                1.0,
                                2.0
                            ]
                        }
                    }
                ]
            }
        },
        {
            "key": 8,
            "num_obs": 9,
            "value": {
                "X": [
                    -0.7940849661827087,
                    -0.7940849661827087,
                    -0.7940849661827087
                ],
                "observations": [
                    {
                        "key": 0,
                        "value": {
                            "x": [
                                1.0,
                                2.0
                            ]
                        }
                    },
                    {
                        "key": 1,
                        "value": {
                            "x": [
                                1.0,
                                2.0
                            ]
                        }
                    },
                    {
                        "key": 3,
                        "value": {
                            "x": [
                                1.0,
                                2.0
                            ]
                        }
                    },
                    {
                        "key": 5,
                        "value": {
                            "x": [
                                1.0,
                                2.0
                            ]
                        }
                    },
                    {
                        "key": 2,
                        "value": {
                            "x": [
                                1.0,
                                2.0
                            ]
                        }
                    },
                    {
                        "key": 7,
                        "value": {
                            "x": [
                                1.0,
                                2.0
                            ]
                        }
                    },
                    {
                        "key": 6,
                        "value": {
                            "x": [
                                1.0,
                                2.0
                            ]
                        }
                    },
                    {
                        "key": 8,
                        "value": {
                            "x": [
                                1.0,
                                2.0
                            ]
                        }
                    },
                    {
                        "key": 4,
                        "value": {
                            "x": [
                                1.0,
                                2.0
                            ]
                        }
                    }
                ]
            }
        },
        {
            "key": 9,
            "num_obs": 3,
            "value": {
                "X": [
                    -0.7307231426239014,
                    -0.7307231426239014,
                    -0.7307231426239014
                ],
                "observations": [
                    {
                        "key": 0,
                        "value": {
                            "x": [
                                1.0,
                                2.0
                            ]
                        }
                    },
                    {
                        "key": 1,
                        "value": {
                            "x": [
                                1.0,
                                2.0
                            ]
                        }
                    },
                    {
                        "key": 2,
                        "value": {
                            "x": [
                                1.0,
                                2.0
                            ]
                        }
                    }
                ]
            }
        },
        {
            "key": 11,
            "num_obs": 4,
            "value": {
                "X": [
                    0.1162584200501442,
                    0.1162584200501442,
                    0.1162584200501442
                ],
                "observations": [
                    {
                        "key": 0,
                        "value": {
                            "x": [
                                1.0,
                                2.0
                            ]
                        }
                    },
                    {
                        "key": 1,
                        "value": {
                            "x": [
                                1.0,
                                2.0
                            ]
                        }
                    },
                    {
                        "key": 3,
                        "value": {
                            "x": [
                                1.0,
                                2.0
                            ]
                        }
                    },
                    {
                        "key": 2,
                        "value": {
                            "x": [
                                1.0,
                                2.0
                            ]
                        }
                    }
                ]
            }
        },
        {
            "key": 12,
            "num_obs": 3,
            "value": {
                "X": [
                    0.14796118438243867,
                    0.14796118438243867,
                    0.14796118438243867
                ],
                "observations": [
                    {
                        "key": 0,
                        "value": {
                            "x": [
                                1.0,
                                2.0
                            ]
                        }
                    },
                    {
                        "key": 1,
                        "value": {
                            "x": [
                                1.0,
                                2.0
                            ]
                        }
                    },
                    {
                        "key": 2,
                        "value": {
                            "x": [
                                1.0,
                                2.0
                            ]
                        }
                    }
                ]
            }
        },
        {
            "key": 13,
            "num_obs": 3,
            "value": {
                "X": [
                    0.06133842095732689,
                    0.06133842095732689,
                    0.06133842095732689
                ],
                "observations": [
                    {
                        "key": 0,
                        "value": {
                            "x": [
                                1.0,
                                2.0
                            ]
                        }
                    },
                    {
                        "key": 1,
                        "value": {
                            "x": [
                                1.0,
                                2.0
                            ]
                        }
                    },
                    {
                        "key": 2,
                        "value": {
                            "x": [
                                1.0,
                                2.0
                            ]
                        }
                    }
                ]
            }
        },
        {
            "key": 14,
            "num_obs": 3,
            "value": {
                "X": [
                    -0.9225843548774719,
                    -0.9225843548774719,
