{
    "sfm_data_version": "0.3",
    "root_path": "/home/andrea/Scrivania/Datasets/Middelbury/dinoRing",
    "views": [
        {
            "key": 0,
            "num_points": 502,
            "value": {
                "ptr_wrapper": {
                    "data": {
                        "local_path": "/",
                        "filename": "TODO",
                        "width": 640,
                        "height": 480,
                        "id_view": 0,
                        "id_intrinsic": 0,
                        "id_pose": 0
                    }
                }
            }
        },
        {
            "key": 1,
            "num_points": 523,
            "value": {
                "ptr_wrapper": {
                    "data": {
                        "local_path": "/",
                        "filename": "TODO",
                        "width": 640,
                        "height": 480,
                        "id_view": 1,
                        "id_intrinsic": 0,
                        "id_pose": 1
                    }
                }
            }
        },
        {
            "key": 2,
            "num_points": 471,
            "value": {
                "ptr_wrapper": {
                    "data": {
                        "local_path": "/",
                        "filename": "TODO",
                        "width": 640,
                        "height": 480,
                        "id_view": 2,
                        "id_intrinsic": 0,
                        "id_pose": 2
                    }
                }
            }
        },
        {
            "key": 3,
            "num_points": 474,
            "value": {
                "ptr_wrapper": {
                    "data": {
                        "local_path": "/",
                        "filename": "TODO",
                        "width": 640,
                        "height": 480,
                        "id_view": 3,
                        "id_intrinsic": 0,
                        "id_pose": 3
                    }
                }
            }
        },
        {
            "key": 4,
            "num_points": 451,
            "value": {
                "ptr_wrapper": {
                    "data": {
                        "local_path": "/",
                        "filename": "TODO",
                        "width": 640,
                        "height": 480,
                        "id_view": 4,
                        "id_intrinsic": 0,
                        "id_pose": 4
                    }
                }
            }
        },
        {
            "key": 5,
            "num_points": 421,
            "value": {
                "ptr_wrapper": {
                    "data": {
                        "local_path": "/",
                        "filename": "TODO",
                        "width": 640,
                        "height": 480,
                        "id_view": 5,
                        "id_intrinsic": 0,
                        "id_pose": 5
                    }
                }
            }
        },
        {
            "key": 6,
            "num_points": 371,
            "value": {
                "ptr_wrapper": {
                    "data": {
                        "local_path": "/",
                        "filename": "TODO",
                        "width": 640,
                        "height": 480,
                        "id_view": 6,
                        "id_intrinsic": 0,
                        "id_pose": 6
                    }
                }
            }
        },
        {
            "key": 7,
            "num_points": 357,
            "value": {
                "ptr_wrapper": {
                    "data": {
                        "local_path": "/",
                        "filename": "TODO",
                        "width": 640,
                        "height": 480,
                        "id_view": 7,
                        "id_intrinsic": 0,
                        "id_pose": 7
                    }
                }
            }
        },
        {
            "key": 8,
            "num_points": 343,
            "value": {
                "ptr_wrapper": {
                    "data": {
                        "local_path": "/",
                        "filename": "TODO",
                        "width": 640,
                        "height": 480,
                        "id_view": 8,
                        "id_intrinsic": 0,
                        "id_pose": 8
                    }
                }
            }
        },
        {
            "key": 9,
            "num_points": 269,
            "value": {
                "ptr_wrapper": {
                    "data": {
                        "local_path": "/",
                        "filename": "TODO",
                        "width": 640,
                        "height": 480,
                        "id_view": 9,
                        "id_intrinsic": 0,
                        "id_pose": 9
                    }
                }
            }
        },
        {
            "key": 10,
            "num_points": 170,
            "value": {
                "ptr_wrapper": {
                    "data": {
                        "local_path": "/",
                        "filename": "TODO",
                        "width": 640,
                        "height": 480,
                        "id_view": 10,
                        "id_intrinsic": 0,
                        "id_pose": 10
                    }
                }
            }
        },
        {
            "key": 11,
            "num_points": 103,
            "value": {
                "ptr_wrapper": {
                    "data": {
                        "local_path": "/",
                        "filename": "TODO",
                        "width": 640,
                        "height": 480,
                        "id_view": 11,
                        "id_intrinsic": 0,
                        "id_pose": 11
                    }
                }
            }
        },
        {
            "key": 12,
            "num_points": 106,
            "value": {
                "ptr_wrapper": {
                    "data": {
                        "local_path": "/",
                        "filename": "TODO",
                        "width": 640,
                        "height": 480,
                        "id_view": 12,
                        "id_intrinsic": 0,
                        "id_pose": 12
                    }
                }
            }
        },
        {
            "key": 13,
            "num_points": 142,
            "value": {
                "ptr_wrapper": {
                    "data": {
                        "local_path": "/",
                        "filename": "TODO",
                        "width": 640,
                        "height": 480,
                        "id_view": 13,
                        "id_intrinsic": 0,
                        "id_pose": 13
                    }
                }
            }
        },
        {
            "key": 14,
            "num_points": 132,
            "value": {
                "ptr_wrapper": {
                    "data": {
                        "local_path": "/",
                        "filename": "TODO",
                        "width": 640,
                        "height": 480,
                        "id_view": 14,
                        "id_intrinsic": 0,
                        "id_pose": 14
                    }
                }
            }
        },
        {
            "key": 15,
            "num_points": 192,
            "value": {
                "ptr_wrapper": {
                    "data": {
                        "local_path": "/",
                        "filename": "TODO",
                        "width": 640,
                        "height": 480,
                        "id_view": 15,
                        "id_intrinsic": 0,
                        "id_pose": 15
                    }
                }
            }
        },
        {
            "key": 16,
            "num_points": 211,
            "value": {
                "ptr_wrapper": {
                    "data": {
                        "local_path": "/",
                        "filename": "TODO",
                        "width": 640,
                        "height": 480,
                        "id_view": 16,
                        "id_intrinsic": 0,
                        "id_pose": 16
                    }
                }
            }
        },
        {
            "key": 17,
            "num_points": 155,
            "value": {
                "ptr_wrapper": {
                    "data": {
                        "local_path": "/",
                        "filename": "TODO",
                        "width": 640,
                        "height": 480,
                        "id_view": 17,
                        "id_intrinsic": 0,
                        "id_pose": 17
                    }
                }
            }
        }
    ],
    "intrinsics": [
        {
            "key": 0,
            "value": {
                "polymorphic_id": 2147483649,
                "polymorphic_name": "pinhole",
                "ptr_wrapper": {
                    "id": 2147483697,
                    "data": {
                        "width": 640,
                        "height": 480,
                        "focal_length": 3310.3999999999996,
                        "principal_point": [
                            316.72999999999996,
                            200.54999999999998
                        ]
                    }
                }
            }
        }
    ],
    "extrinsics": [
        {
            "key": 0,
            "value": {
                "rotation": [
                    [
                        1.0,
                        0.0,
                        0.0
                    ],
                    [
                        0.0,
                        1.0,
                        0.0
                    ],
                    [
                        0.0,
                        0.0,
                        1.0
                    ]
                ],
                "center": [
                    0.0,
                    0.0,
                    0.0
                ]
            }
        },
        {
            "key": 1,
            "value": {
                "rotation": [
                    [
                        0.9999906420707703,
                        -0.002593930345028639,
                        -0.003454640507698059
                    ],
                    [
                        0.002586518181487918,
                        0.9999943375587463,
                        -0.0021483597811311485
                    ],
                    [
                        0.0034601937513798477,
                        0.002139404183253646,
                        0.9999917149543762
                    ]
                ],
                "center": [
                    0.000052610921557061374,
                    -0.00030780021916143596,
                    0.040291257202625278
                ]
            }
        },
        {
            "key": 2,
            "value": {
                "rotation": [
                    [
                        0.9999719858169556,
                        -0.0013932776637375355,
                        -0.007354209199547768
                    ],
                    [
                        0.0013682934222742916,
                        0.9999932646751404,
                        -0.003401214024052024
                    ],
                    [
                        0.007358898874372244,
                        0.003391056088730693,
                        0.9999671578407288
                    ]
                ],
                "center": [
                    -0.0006328611052595079,
                    -0.0008208388462662697,
                    0.0814603641629219
                ]
            }
        },
        {
            "key": 3,
            "value": {
                "rotation": [
                    [
                        0.9999338388442993,
                        -0.0013109530555084348,
                        -0.011426178738474846
                    ],
                    [
                        0.0012544497149065137,
                        0.9999869465827942,
                        -0.0049508423544466499
                    ],
                    [
                        0.011432520113885403,
                        0.004936181474477053,
                        0.9999224543571472
                    ]
                ],
                "center": [
                    -0.0012919021537527443,
                    -0.0009070283267647028,
                    0.12350402772426605
                ]
            }
        },
        {
            "key": 4,
            "value": {
                "rotation": [
                    [
                        0.9998695850372315,
                        0.00018490538059268147,
                        -0.016148678958415986
                    ],
                    [
                        -0.00027614927967078984,
                        0.9999840259552002,
                        -0.0056481920182704929
                    ],
                    [
                        0.016147375106811525,
                        0.005651914980262518,
                        0.9998536705970764
                    ]
                ],
                "center": [
                    -0.002565281931310892,
                    -0.0011606212938204408,
                    0.16679911315441132
                ]
            }
        },
        {
            "key": 5,
            "value": {
                "rotation": [
                    [
                        0.999686062335968,
                        0.0005965313175693154,
                        -0.02504933811724186
                    ],
                    [
                        -0.0007702821749262512,
                        0.9999756813049316,
                        -0.006927269510924816
                    ],
                    [
                        0.025044597685337068,
                        0.006944389548152685,
                        0.9996622204780579
                    ]
                ],
                "center": [
                    -0.004946530796587467,
                    -0.002284763613715768,
                    0.255352646112442
                ]
            }
        },
        {
            "key": 6,
            "value": {
                "rotation": [
                    [
                        0.9994210600852966,
                        0.0036426903679966928,
                        -0.03382774814963341
                    ],
                    [
                        -0.003837059484794736,
                        0.9999765157699585,
                        -0.005682705901563168
                    ],
                    [
                        0.03380625322461128,
                        0.005809214897453785,
                        0.9994115233421326
                    ]
                ],
                "center": [
                    -0.009230315685272217,
                    -0.003502756357192993,
                    0.34764614701271059
                ]
            }
        },
        {
            "key": 7,
            "value": {
                "rotation": [
                    [
                        0.9992551803588867,
                        0.0027062224689871074,
                        -0.038493718951940539
                    ],
                    [
                        -0.002828653436154127,
                        0.9999911189079285,
                        -0.003126439405605197
                    ],
                    [
                        0.03848491609096527,
                        0.003232995979487896,
                        0.9992539286613464
                    ]
                ],
                "center": [
                    -0.010959634557366372,
                    -0.003813686314970255,
                    0.3949849009513855
                ]
            }
        },
        {
            "key": 8,
            "value": {
                "rotation": [
                    [
                        0.9990106821060181,
                        0.003958520013839006,
                        -0.044293999671936038
                    ],
                    [
                        -0.004008001182228327,
                        0.9999914169311523,
                        -0.0010283520678058267
                    ],
                    [
                        0.04428955167531967,
                        0.001204865169711411,
                        0.9990180134773254
                    ]
                ],
                "center": [
                    -0.01584763079881668,
                    -0.004979120567440987,
                    0.49112066626548769
                ]
            }
        },
        {
            "key": 9,
            "value": {
                "rotation": [
                    [
                        0.9987019300460815,
                        0.00013990822480991483,
                        -0.050936147570610049
                    ],
                    [
                        -0.00019827220239676535,
                        0.9999993443489075,
                        -0.0011407750425860286
                    ],
                    [
                        0.050935953855514529,
                        0.0011493935016915203,
                        0.998701274394989
                    ]
                ],
                "center": [
                    -0.02243318036198616,
                    -0.005884772166609764,
                    0.6392170786857605
                ]
            }
        },
        {
            "key": 10,
            "value": {
                "rotation": [
                    [
                        0.9983948469161987,
                        0.005248666275292635,
                        -0.05639351159334183
                    ],
                    [
                        -0.005688467528671026,
                        0.9999546408653259,
                        -0.00764109194278717
                    ],
                    [
                        0.05635084584355354,
                        0.007949619553983212,
                        0.9983794093132019
                    ]
                ],
                "center": [
                    -0.035681165754795077,
                    -0.008578795939683915,
                    0.8430914878845215
                ]
            }
        },
        {
            "key": 11,
            "value": {
                "rotation": [
                    [
                        0.9980290532112122,
                        0.00532942870631814,
                        -0.06252651661634445
                    ],
                    [
                        -0.0056319572031497959,
                        0.9999732971191406,
                        -0.004663155879825354
                    ],
                    [
                        0.0624999925494194,
                        0.005006112158298492,
                        0.9980323910713196
                    ]
                ],
                "center": [
                    -0.053072672337293628,
                    -0.012539548799395562,
                    1.1079076528549195
                ]
            }
        },
        {
            "key": 12,
            "value": {
                "rotation": [
                    [
                        0.9979771971702576,
                        0.006728166714310646,
                        -0.06321605294942856
                    ],
                    [
                        -0.006508758757263422,
                        0.9999720454216003,
                        0.003676057094708085
                    ],
                    [
                        0.06323901563882828,
                        -0.0032571631018072368,
                        0.9979931116104126
                    ]
                ],
                "center": [
                    -0.06807870417833328,
                    -0.015148826874792576,
                    1.325575828552246
                ]
            }
        },
        {
            "key": 13,
            "value": {
                "rotation": [
                    [
                        0.9983598589897156,
                        0.0060988375917077068,
                        -0.05692486837506294
                    ],
                    [
                        -0.006295698694884777,
                        0.99997478723526,
                        -0.0032795642036944629
                    ],
                    [
                        0.056903429329395297,
                        0.0036325668916106226,
                        0.9983730912208557
                    ]
                ],
                "center": [
                    -0.08496063947677612,
                    -0.016650207340717317,
                    1.6030101776123047
                ]
            }
        },
        {
            "key": 14,
            "value": {
                "rotation": [
                    [
                        0.9983824491500855,
                        -0.000877904356457293,
                        -0.05684850364923477
                    ],
                    [
                        0.0012260685907676817,
                        0.9999806880950928,
                        0.006089832633733749
                    ],
                    [
                        0.05684206262230873,
                        -0.006149682216346264,
                        0.998364269733429
                    ]
                ],
                "center": [
                    -0.09514177590608597,
                    -0.01893721893429756,
                    1.7732731103897095
                ]
            }
        },
        {
            "key": 15,
            "value": {
                "rotation": [
                    [
                        0.9979382157325745,
                        -0.008583854883909226,
                        -0.06360559165477753
                    ],
                    [
                        0.008458728902041912,
                        0.9999617338180542,
                        -0.002236246131360531
                    ],
                    [
                        0.0636223554611206,
                        0.0016936128959059716,
                        0.9979726076126099
                    ]
                ],
                "center": [
                    -0.11299490183591843,
                    -0.021202636882662774,
                    2.062523126602173
                ]
            }
        },
        {
            "key": 16,
            "value": {
                "rotation": [
                    [
                        0.9977495074272156,
                        -0.004512092564254999,
                        -0.06689959019422531
                    ],
                    [
                        0.005022444762289524,
                        0.9999595284461975,
                        0.007462402805685997
                    ],
                    [
                        0.06686320900917053,
                        -0.007781608030200005,
                        0.9977318048477173
                    ]
                ],
                "center": [
                    -0.12956562638282777,
                    -0.02315988950431347,
                    2.295745372772217
                ]
            }
        },
        {
            "key": 17,
            "value": {
                "rotation": [
                    [
                        0.997637152671814,
                        0.0026109162718057634,
                        -0.06865362077951431
                    ],
                    [
                        -0.0022099465131759645,
                        0.9999800324440002,
                        0.005915775895118713
                    ],
                    [
                        0.0686677023768425,
                        -0.005750076845288277,
                        0.9976230263710022
                    ]
                ],
                "center": [
                    -0.1517544537782669,
                    -0.02486943081021309,
                    2.589036703109741
                ]
            }
        }
    ],
    "structure": [
        {
            "key": 0,
            "num_obs": 4,
            "value": {
                "X": [
                    0.22097986936569215,
                    0.22097986936569215,
                    0.22097986936569215
                ],
                "observations": [
                    {
                        "key": 0,
                        "value": {
                            "x": [
                                1.0,
                                2.0
                            ]
                        }
                    },
                    {
                        "key": 1,
                        "value": {
                            "x": [
                                1.0,
                                2.0
                            ]
                        }
                    },
                    {
                        "key": 3,
                        "value": {
                            "x": [
                                1.0,
                                2.0
                            ]
                        }
                    },
                    {
                        "key": 2,
                        "value": {
                            "x": [
                                1.0,
                                2.0
                            ]
                        }
                    }
                ]
            }
        },
        {
            "key": 1,
            "num_obs": 4,
            "value": {
                "X": [
                    -0.682136595249176,
                    -0.682136595249176,
                    -0.682136595249176
                ],
                "observations": [
                    {
                        "key": 0,
                        "value": {
                            "x": [
                                1.0,
                                2.0
                            ]
                        }
                    },
                    {
                        "key": 1,
                        "value": {
                            "x": [
                                1.0,
                                2.0
                            ]
                        }
                    },
                    {
                        "key": 2,
                        "value": {
                            "x": [
                                1.0,
                                2.0
                            ]
                        }
                    },
                    {
                        "key": 10,
                        "value": {
                            "x": [
                                1.0,
                                2.0
                            ]
                        }
                    }
                ]
            }
        },
        {
            "key": 3,
            "num_obs": 7,
            "value": {
                "X": [
                    0.21388724446296693,
                    0.21388724446296693,
                    0.21388724446296693
                ],
                "observations": [
                    {
                        "key": 0,
                        "value": {
                            "x": [
                                1.0,
                                2.0
                            ]
                        }
                    },
                    {
                        "key": 1,
                        "value": {
                            "x": [
                                1.0,
                                2.0
                            ]
                        }
                    },
                    {
                        "key": 3,
                        "value": {
                            "x": [
                                1.0,
                                2.0
                            ]
                        }
                    },
                    {
                        "key": 5,
                        "value": {
                            "x": [
                                1.0,
                                2.0
                            ]
                        }
                    },
                    {
                        "key": 2,
                        "value": {
                            "x": [
                                1.0,
                                2.0
                            ]
                        }
                    },
                    {
                        "key": 7,
                        "value": {
                            "x": [
                                1.0,
                                2.0
                            ]
                        }
                    },
                    {
                        "key": 4,
                        "value": {
                            "x": [
                                1.0,
                                2.0
                            ]
                        }
                    }
                ]
            }
        },
        {
            "key": 4,
            "num_obs": 4,
            "value": {
                "X": [
                    0.24002811312675477,
                    0.24002811312675477,
                    0.24002811312675477
                ],
                "observations": [
                    {
                        "key": 0,
                        "value": {
                            "x": [
                                1.0,
                                2.0
                            ]
                        }
                    },
                    {
                        "key": 1,
                        "value": {
                            "x": [
                                1.0,
                                2.0
                            ]
                        }
                    },
                    {
                        "key": 3,
                        "value": {
                            "x": [
                                1.0,
                                2.0
                            ]
                        }
                    },
                    {
                        "key": 2,
                        "value": {
                            "x": [
                                1.0,
                                2.0
                            ]
                        }
                    }
                ]
            }
        },
        {
            "key": 7,
            "num_obs": 11,
            "value": {
                "X": [
                    -0.4128825068473816,
                    -0.4128825068473816,
                    -0.4128825068473816
                ],
                "observations": [
                    {
                        "key": 0,
                        "value": {
                            "x": [
                                1.0,
                                2.0
                            ]
                        }
                    },
                    {
                        "key": 1,
                        "value": {
                            "x": [
                                1.0,
                                2.0
                            ]
                        }
                    },
                    {
                        "key": 3,
                        "value": {
                            "x": [
                                1.0,
                                2.0
                            ]
                        }
                    },
                    {
                        "key": 5,
                        "value": {
                            "x": [
                                1.0,
                                2.0
                            ]
                        }
                    },
                    {
                        "key": 2,
                        "value": {
                            "x": [
                                1.0,
                                2.0
                            ]
                        }
                    },
                    {
                        "key": 10,
                        "value": {
                            "x": [
                                1.0,
                                2.0
                            ]
                        }
                    },
                    {
                        "key": 7,
                        "value": {
                            "x": [
                                1.0,
                                2.0
                            ]
                        }
                    },
                    {
                        "key": 8,
                        "value": {
                            "x": [
                                1.0,
                                2.0
                            ]
                        }
                    },
                    {
                        "key": 4,
                        "value": {
                            "x": [
                                1.0,
                                2.0
                            ]
                        }
                    },
                    {
                        "key": 6,
                        "value": {
                            "x": [
                                1.0,
                                2.0
                            ]
                        }
                    },
                    {
                        "key": 9,
                        "value": {
                            "x": [
                                1.0,
                                2.0
                            ]
                        }
                    }
                ]
            }
        },
        {
            "key": 8,
            "num_obs": 11,
            "value": {
                "X": [
                    -0.7898769974708557,
                    -0.7898769974708557,
                    -0.7898769974708557
                ],
                "observations": [
                    {
                        "key": 0,
                        "value": {
                            "x": [
                                1.0,
                                2.0
                            ]
                        }
                    },
                    {
                        "key": 1,
                        "value": {
                            "x": [
                                1.0,
                                2.0
                            ]
                        }
                    },
                    {
                        "key": 3,
                        "value": {
                            "x": [
                                1.0,
                                2.0
                            ]
                        }
                    },
                    {
                        "key": 5,
                        "value": {
                            "x": [
                                1.0,
                                2.0
                            ]
                        }
                    },
                    {
                        "key": 2,
                        "value": {
                            "x": [
                                1.0,
                                2.0
                            ]
                        }
                    },
                    {
                        "key": 10,
                        "value": {
                            "x": [
                                1.0,
                                2.0
                            ]
                        }
                    },
                    {
                        "key": 7,
                        "value": {
                            "x": [
                                1.0,
                                2.0
                            ]
                        }
                    },
                    {
                        "key": 8,
                        "value": {
                            "x": [
                                1.0,
                                2.0
                            ]
                        }
                    },
                    {
                        "key": 4,
                        "value": {
                            "x": [
                                1.0,
                                2.0
                            ]
                        }
                    },
                    {
                        "key": 6,
                        "value": {
                            "x": [
                                1.0,
                                2.0
                            ]
                        }
                    },
                    {
                        "key": 9,
                        "value": {
                            "x": [
                                1.0,
                                2.0
                            ]
                        }
                    }
                ]
            }
        },
        {
            "key": 9,
            "num_obs": 5,
            "value": {
                "X": [
                    -0.802327573299408,
                    -0.802327573299408,
                    -0.802327573299408
                ],
                "observations": [
                    {
                        "key": 0,
                        "value": {
                            "x": [
                                1.0,
                                2.0
                            ]
                        }
                    },
                    {
                        "key": 1,
                        "value": {
                            "x": [
                                1.0,
                                2.0
                            ]
                        }
                    },
                    {
                        "key": 3,
                        "value": {
                            "x": [
                                1.0,
                                2.0
                            ]
                        }
                    },
                    {
                        "key": 2,
                        "value": {
                            "x": [
                                1.0,
                                2.0
                            ]
                        }
                    },
                    {
                        "key": 8,
                        "value": {
                            "x": [
                                1.0,
                                2.0
                            ]
                        }
                    }
                ]
            }
        },
        {
            "key": 11,
            "num_obs": 5,
            "value": {
                "X": [
                    0.11602434515953064,
                    0.11602434515953064,
                    0.11602434515953064
